2021/04/21 1 1 1
2021/04/21 1 2 1
2021/04/21 1 3 1
2021/04/21 1 4 0
2021/04/21 1 5 1
2021/04/21 1 6 1
2021/04/21 1 7 1
2021/04/21 1 8 1
2021/04/21 1 9 1
2021/04/21 1 10 1
2021/04/21 1 11 1
2021/04/21 1 12 1
2021/04/21 1 13 0
2021/04/21 1 14 1
2021/04/21 1 18 0
2021/04/21 1 15 0
2021/04/21 1 16 1
2021/04/21 1 17 0
2021/04/21 1 19 1
2021/04/21 1 20 1
2021/04/21 1 21 0
2021/04/21 1 22 0
2021/04/21 1 23 0
2021/04/21 1 24 0
2021/04/21 1 25 0
2021/04/21 1 26 0
2021/04/21 1 27 0
2021/04/21 1 28 0
2021/04/21 1 29 0
2021/04/21 1 30 0
2021/04/21 1 31 0
2021/04/21 1 32 0
2021/04/21 1 33 0
2021/04/27 1 1 1
2021/04/27 1 2 1
2021/04/27 1 3 1
2021/04/27 1 4 1
2021/04/27 1 5 1
2021/04/27 1 6 1
2021/04/27 1 7 1
2021/04/27 1 8 1
2021/04/27 1 9 1
2021/04/27 1 10 1
2021/04/27 1 11 1
2021/04/27 1 12 1
2021/04/27 1 13 1
2021/04/27 1 14 1
2021/04/27 1 18 1
2021/04/27 1 15 1
2021/04/27 1 16 1
2021/04/27 1 17 1
2021/04/27 1 19 1
2021/04/27 1 20 0
2021/04/27 1 21 0
2021/04/27 1 22 0
2021/04/27 1 23 0
2021/04/27 1 24 0
2021/04/27 1 25 0
2021/04/27 1 26 0
2021/04/27 1 27 0
2021/04/27 1 28 0
2021/04/27 1 29 0
2021/04/27 1 30 0
2021/04/27 1 31 0
2021/04/27 1 32 0
2021/04/27 1 33 0
